17 9 4 16 4 19 15 4 14 21 8 13 20
13 17 2 10 19 23 8 9 20 11
8 13 2 20 3
13 20 1 20 9 7 17 3 3 8 16 4 15 4 13 19 10 20 22 17 9 11 19 5 8 19 20
18 20 3 12 4 23 20 19 4 19 10 20 10 20 3 3 23 4 14 19 10
19 10 20 6 8 12 7
18 17 19 12 10
6 9 4 6 10 20 12 15 2 17 9 3
4 14 19 4 22 23 17 13 5 4 14 19 4 22 11 17 2 10 19
19 10 20 10 8 9 1 20 11 19
19 20 8 12 10 20 9 11 6 20 19
19 10 20 6 14 6 6 20 19 11 10 4 18
16 14 22 22 15 19 10 20 1 8 23 6 17 9 20 11 3 8 15 20 9
11 20 8 11 4 13 4 13 20 20 6 17 11 4 5 20 19 17 19 3 20 11
