1111011101110111111111111111111111111111111111111111111111111111111111111111111100001111111111111111
1111101111101111111111111110001001111110001111000011111111100100111111111100111000000111100111111111
1111111000111111111111111100000000111100000100000001000111011001011111111000010000000111000011111111
1111110000011111111111111100000111111111111111100000000011111111111111111000010000000110000001111101
0100010000010000100111110000111100000000000000111100000011111110010011111100000000001110000001111111
1111110000011111111111100111100011111111011111000111000001001101100101111100000000000000000011001111
1111111000111111111100011100011111111100111111111001110000000111111111100001111111111000000110000101
1111101111101111110011110011111111100000100111100110011100000011111111001111110001011111000000000011
1111011101110110001110001111111110000000100011110001100110000011110010111110001111111111110000000011
1110111101111101111001111111110000000001001011110000111001100011100001110001111111111111000000000011
1111111101100011000111111111000000000001100010110001100110111001100011101111111111111100000110000111
1100000000011110111111111000011100000000110000110011000011001101110111011111111101110001001010001100
1011111111111111111111111111110100000000110001101010000111000110101110111111111111100000001110001010
0111000000001110110000111111001111111111100101011110001101100011011101111111111111000000000000001001
1110111111000111011000000001010010000001111000110010011000111111101011111111101110001000100010010111
1011111111110011101100000111001011111111001111001100010000100011101111111111111100010001000111010111
1100011111111101110110111101001000000110011100000110010000111111110111111111111000110011100101100101
0111000111111111111011100001111011101100110001110010010001000110101011111110110001110010100101100111
1001110000111111111110000000010110111001100111111001110001001111101100111111100001010010100101001111
1110011100001111111000000111010110101011001111111101010001011111110111001111101001010010110101001111
1111100111000011011110111100111101100110010011111011110001110011110111110011000001011010010100001111
1111111001110001110011100000001100000111100001110010100111111001111011111100100001001011011100001111
1111111110011000000001110000000100000000000001100100111011111111101011111111110000101101001100011011
1100101111101110000000011100000011110000000011001111101011111110111011111111111000100110100100010111
1010010111110011100000000111110010111111111111111111111011111111111011001111111101110011100000010111
1111111111111100111100000011111111111111111111111111111010001111110111110011110110010001110000010101
1111100101111111000111100110000000001111111111110001011011110011010111111100111011100000110000110011
1111010010111001100000111100000000000000000011111111110111111111110111111111111011110000010000100011
1111111111110000010000000111110000000000000000000011110111111111101100111111101101111000000000100011
1111111111110000000000000000011110000000000000000000001001111101101111001111111101111100000000100111
1111111000110000000000000000000011110000000000000001001000001111011111110001111101111110000000000101
1111110000011001000000000000000000011111111000000000001000000000101111111111101101111101100000000101
1111110000001110000000000000000000001111111110111111110111000000100001111111111101111110110000001100
1100011000010000000000000000000000001111111111111111101111111111000000000111111011111010111100001000
1000000000000000000000000000000000001101111100000011111111111110111100000000111011111111011111001000
1000000000000000000000000000000000000110111111000000001111111101111111110000000111111111011111100000
0000000000000000000000000000000000000110111111000000000100001111111111111111001100111101011111111000
0000000000000000000000000000001111100110111111000010001100110001111111111111110000001111011111111100
0000000000000000000000000000111111110011011111100000010011010000000111111111101110000010111100111111
0000000000000000000000000001111110000011011111100001111100011111000000001111111111110001000011001111
0000000000000000111111110011111100000011011111100011000001110101111100000000001111111011000011110011
0000000000000011101110011111111000000001101111100101000010100111010011111100000000001111111001111101
0000000000000110010011000011111100000001101111110110001011000000001111100111100000000000001111111111
0000000000011100101001000001000111100000111111110000000000000000111000000000000000000000000001111110
1111111111110000110011000111111000111111011011110111111111111111100111100000000000000000000001111100
1011001110011000011110011111111111000111101111111011111111111111010111111000000111100000000000111100
0110111000001111111111111111111111111000110111111101111111111111001111100011111111000000000000111110
0101100000000000000000000000000000000000011001111110000000000001111111001111111000111111000000011110
0110111111111111111111111111111111111111111110000000001111111111111100111011100111111000011111001110
1011000001111111111111000000111111111111111111111111111111111111111011111111011111000011111000000111
1101111110000011111111111111000000111111111111111000000100000110011111111001111100111111000111000011
1110011111111100001111111111111111000000111111111111111111111111111111110101111011111100111100111000
0111100011111111110000011111111111111111000000111111111111111111111111110011111111110011111011100001
1011111100001111111111100000011111111111111111000000100111011111111111011111110011111111110111011111
1100111111110001111111111111100111111111111111111111111111111110001111111111101011111111111111111100
0111000111111110001111111111111000011111111111111111111111111001100001111111100111111001101101111010
1011111000111111110011001111111111100001111111111111111111111111111111111111111111110101111111001001
1100111111000111111111110001111111111110000111000011111100011111111111100011111101110011111110101111
1111001111111000111111111110000111111111111111111111100011000011111110011000011111111111111110011111
1111110111111111000111111111111000011111111111111111111111111111111111111111111111111111111111111111
